0 0.084375 0.13203125 0.16796875 0.2640625
0 0.365625 0.0734375 0.33671875 0.146875
1 0.6875 0.35546875 0.0796875 0.115625
0 0.96484375 0.34140625 0.06484375 0.1296875
0 0.61171875 0.37890625 0.0265625 0.11796875
1 0.73203125 0.3453125 0.07421875 0.1109375
1 0.4 0.73828125 0.11328125 0.178125
0 0.5421875 0.72109375 0.084375 0.14453125
1 0.8921875 0.7859375 0.053125 0.0765625
0 0.85 0.8078125 0.0625 0.0890625
0 0.8703125 0.884375 0.084375 0.1296875
0 0.69140625 0.90625 0.0890625 0.125
0 0.96015625 0.8859375 0.07421875 0.13203125