0 0.24140625 0.03359375 0.24765625 0.0671875
1 0.975 0.21015625 0.04296875 0.06953125
1 0.6828125 0.28984375 0.06484375 0.09609375
1 0.98671875 0.20703125 0.021875 0.08203125
1 0.78515625 0.26328125 0.07421875 0.11796875
1 0.92578125 0.2328125 0.084375 0.1109375
1 0.8421875 0.25625 0.05546875 0.0796875
1 0.640625 0.32421875 0.08203125 0.11796875
1 0.446875 0.37890625 0.0765625 0.1078125
0 0.0265625 0.7015625 0.053125 0.16796875
0 0.36328125 0.6140625 0.08671875 0.13671875
0 0.23203125 0.5953125 0.17578125 0.13203125
0 0.12890625 0.63125 0.2140625 0.2046875