1 0.4390625 0.0359375 0.06484375 0.071875
0 0.5171875 0.07578125 0.0578125 0.1421875
0 0.72265625 0.05859375 0.1203125 0.1171875
0 0.6828125 0.04921875 0.06484375 0.084375
0 0.89765625 0.1453125 0.0890625 0.115625
0 0.9375 0.17578125 0.06015625 0.0765625
0 0.82109375 0.046875 0.09375 0.09375
0 0.603125 0.0171875 0.08203125 0.03359375
0 0.9375 0.3453125 0.0671875 0.0796875
0 0.87890625 0.334375 0.071875 0.08203125
0 0.97109375 0.37109375 0.053125 0.07421875
0 0.71875 0.31484375 0.10078125 0.11796875
0 0.58984375 0.31953125 0.084375 0.1390625