0 0.58984375 0.26796875 0.09375 0.134375
0 0.39765625 0.28125 0.040625 0.0625
0 0.55390625 0.2859375 0.05078125 0.0796875
0 0.20546875 0.3078125 0.0671875 0.0890625
0 0.1078125 0.32421875 0.03828125 0.0578125
0 0.16328125 0.3296875 0.05078125 0.07421875
0 0.6546875 0.2296875 0.040625 0.103125
0 0.44375 0.24609375 0.05546875 0.1078125
0 0.30859375 0.25625 0.084375 0.1390625
0 0.29296875 0.3921875 0.053125 0.02421875
0 0.6140625 0.41328125 0.12265625 0.0671875
0 0.39296875 0.4171875 0.09375 0.07421875
0 0.1671875 0.4125 0.05078125 0.06484375
0 0.3421875 0.4125 0.0796875 0.06484375
0 0.2078125 0.421875 0.07421875 0.084375
0 0.49609375 0.4328125 0.103125 0.10546875
0 0.0890625 0.421875 0.0625 0.084375
0 0.01796875 0.43515625 0.0359375 0.10546875