0 0.12109375 0.07578125 0.0453125 0.0984375
0 0.09765625 0.084375 0.084375 0.12265625
0 0.06015625 0.0765625 0.0359375 0.06953125
0 0.25625 0.1421875 0.08203125 0.13203125
0 0.21171875 0.14765625 0.03828125 0.06953125
0 0.16953125 0.14296875 0.03125 0.0484375
0 0.40625 0.20078125 0.0765625 0.125
0 0.31875 0.1890625 0.03828125 0.07421875
0 0.34609375 0.2078125 0.03359375 0.0625
0 0.48671875 0.25390625 0.040625 0.06953125
0 0.45078125 0.2484375 0.0359375 0.06953125
0 0.28828125 0.66484375 0.35546875 0.49296875