0 0.47734375 0.09375 0.09609375 0.134375
0 0.4421875 0.12109375 0.0453125 0.071875
0 0.40234375 0.134375 0.0359375 0.05078125
0 0.6296875 0.08203125 0.09140625 0.1296875
0 0.54921875 0.1109375 0.0453125 0.0765625
0 0.58203125 0.11640625 0.040625 0.06484375
0 0.7203125 0.09375 0.0484375 0.071875
0 0.78828125 0.08046875 0.04296875 0.06953125
0 0.6875 0.10703125 0.04296875 0.071875
0 0.8265625 0.08671875 0.0984375 0.1421875
0 0.9265625 0.0625 0.053125 0.0796875
0 0.89296875 0.0765625 0.03828125 0.06484375
0 0.9734375 0.071875 0.0484375 0.09609375
0 0.171875 0.52265625 0.11796875 0.06953125