0 0.24921875 0.01171875 0.0859375 0.0234375
0 0.23515625 0.0609375 0.1203125 0.121875
0 0.0640625 0.03359375 0.12265625 0.0671875
0 0.3265625 0.09375 0.12734375 0.146875
0 0.4625 0.25 0.04296875 0.0484375
0 0.3640625 0.42578125 0.084375 0.27421875
0 0.2953125 0.4015625 0.22109375 0.22578125
1 0.7984375 0.31640625 0.08203125 0.05546875
1 0.8953125 0.33984375 0.0984375 0.103125
1 0.98671875 0.38203125 0.021875 0.125
1 0.94609375 0.35234375 0.0671875 0.08671875
1 0.740625 0.32421875 0.10078125 0.071875