0 0.36796875 0.53359375 0.03828125 0.02421875
1 0.0890625 0.53515625 0.0484375 0.021875
0 0.31875 0.34140625 0.0453125 0.06015625
0 0.0453125 0.275 0.04296875 0.06015625
1 0.1296875 0.3859375 0.071875 0.0890625
0 0.2875 0.46171875 0.0484375 0.06953125
0 0.296875 0.68046875 0.1109375 0.1515625
0 0.0875 0.61328125 0.09375 0.12734375
0 0.23203125 0.69375 0.084375 0.11796875
0 0.0140625 0.60234375 0.028125 0.1109375
0 0.35 0.79296875 0.0796875 0.103125
0 0.12109375 0.69375 0.07421875 0.10078125
0 0.82421875 0.65234375 0.34609375 0.209375