0 0.39921875 0.140625 0.22109375 0.28125
0 0.696875 0.15390625 0.3578125 0.2671875
0 0.23203125 0.55546875 0.1078125 0.15390625
0 0.03515625 0.56640625 0.06953125 0.17578125
0 0.0875 0.62109375 0.13671875 0.18515625
1 0.97578125 0.58203125 0.04296875 0.08203125
1 0.89296875 0.55859375 0.0484375 0.06953125
1 0.60234375 0.50703125 0.07421875 0.0578125
1 0.921875 0.571875 0.0625 0.08203125
1 0.7015625 0.525 0.08203125 0.09375
1 0.8375 0.55390625 0.09140625 0.11328125
1 0.7546875 0.53359375 0.0578125 0.08203125
1 0.5453125 0.51796875 0.08671875 0.0796875
1 0.3484375 0.49140625 0.08671875 0.0265625