1 0.88828125 0.07578125 0.12265625 0.13671875
1 0.6859375 0.18984375 0.1921875 0.21875
1 0.509375 0.2796875 0.16328125 0.2046875
0 0.14296875 0.69921875 0.06953125 0.08671875
1 0.0359375 0.775 0.071875 0.0796875
1 0.3453125 0.65234375 0.0453125 0.0578125
0 0.19453125 0.790625 0.0890625 0.0984375
1 0.009375 0.46328125 0.01875 0.0671875
0 0.1296875 0.47578125 0.0453125 0.0578125
1 0.2609375 0.49375 0.071875 0.08671875
0 0.40625 0.4390625 0.03828125 0.06015625
1 0.021875 0.6046875 0.04296875 0.07421875
0 0.67578125 0.5140625 0.10078125 0.10078125
0 0.83984375 0.4515625 0.0890625 0.08671875
0 0.58203125 0.584375 0.05546875 0.0625
0 0.5015625 0.65234375 0.146875 0.165625