0 0.13125 0.0203125 0.1421875 0.040625
1 0.07265625 0.02734375 0.1328125 0.0546875
0 0.9359375 0.31875 0.0484375 0.0671875
0 0.90859375 0.41328125 0.053125 0.0671875
0 0.74609375 0.0203125 0.03125 0.040625
1 0.39296875 0.2765625 0.0453125 0.06484375
0 0.75859375 0.178125 0.04296875 0.06015625
0 0.52890625 0.30390625 0.040625 0.06015625
1 0.6578125 0.3390625 0.0671875 0.0890625
0 0.8140625 0.296875 0.0453125 0.06953125
1 0.41015625 0.41484375 0.05546875 0.06484375
1 0.2546875 0.46640625 0.0578125 0.03359375
0 0.40234375 0.51171875 0.06953125 0.125
0 0.54921875 0.51953125 0.11796875 0.1390625