0 0.06640625 0.0890625 0.0671875 0.0984375
0 0.18359375 0.103125 0.04296875 0.06015625
0 0.853125 0.365625 0.03828125 0.06484375
0 0.7859375 0.44609375 0.04296875 0.0671875
0 0.3921875 0.41953125 0.0484375 0.084375
1 0.58671875 0.4703125 0.0359375 0.0578125
0 0.39921875 0.525 0.0625 0.09375
0 0.79453125 0.02734375 0.0265625 0.040625
0 0.740625 0.1765625 0.03828125 0.0578125
0 0.46875 0.2125 0.0359375 0.0578125
1 0.5765625 0.28828125 0.06015625 0.08203125
0 0.74296875 0.30390625 0.03828125 0.0671875
0 0.2953125 0.634375 0.1390625 0.09140625