0 0.91484375 0.10078125 0.053125 0.08671875
0 0.9796875 0.11640625 0.0359375 0.1421875
0 0.78515625 0.1515625 0.05078125 0.0890625
0 0.959375 0.1296875 0.0765625 0.10546875
0 0.82421875 0.15390625 0.0765625 0.11328125
0 0.703125 0.1734375 0.0625 0.09375
0 0.6203125 0.20078125 0.0625 0.103125
0 0.59609375 0.21484375 0.0140625 0.06484375
0 0.25625 0.8171875 0.08203125 0.115625
0 0.1875 0.875 0.06484375 0.103125
0 0.00859375 0.93359375 0.0171875 0.09609375
0 0.07421875 0.9328125 0.0578125 0.084375
0 0.1296875 0.9328125 0.07421875 0.103125
0 0.5609375 0.6734375 0.05078125 0.1296875
0 0.415625 0.71484375 0.1078125 0.18046875