0 0.134375 0.353125 0.05078125 0.06015625
0 0.35 0.3125 0.05546875 0.0765625
0 0.7046875 0.0375 0.16796875 0.07421875
0 0.92578125 0.796875 0.04296875 0.06484375
0 0.88203125 0.896875 0.0453125 0.0671875
0 0.490625 0.98046875 0.0625 0.03359375
1 0.696875 0.97734375 0.04296875 0.040625
1 0.39453125 0.75390625 0.02890625 0.06484375
0 0.7703125 0.6578125 0.040625 0.0578125
0 0.51796875 0.78125 0.03828125 0.05546875
1 0.64296875 0.81875 0.06484375 0.08203125
0 0.80546875 0.7765625 0.040625 0.0671875
1 0.39296875 0.8953125 0.0265625 0.06953125