1 0.32421875 0.015625 0.09140625 0.03125
1 0.365625 0.015625 0.1109375 0.03125
1 0.26796875 0.0328125 0.06953125 0.06484375
1 0.1828125 0.05546875 0.05546875 0.071875
1 0.2140625 0.04921875 0.06953125 0.084375
1 0.02734375 0.1296875 0.0546875 0.125
1 0.1390625 0.084375 0.10078125 0.1203125
1 0.0625 0.115625 0.0671875 0.08203125
0 0.81640625 0.07578125 0.103125 0.125
1 0.59140625 0.3109375 0.0671875 0.1078125
1 0.06484375 0.478125 0.1296875 0.22109375
0 0.81640625 0.484375 0.12265625 0.146875
1 0.625 0.59375 0.134375 0.3125