0 0.5296875 0.07109375 0.1515625 0.1421875
0 0.22734375 0.06015625 0.15625 0.1203125
0 0.05859375 0.103125 0.1171875 0.20625
0 0.68359375 0.390625 0.12734375 0.11328125
0 0.83515625 0.01328125 0.05078125 0.0265625
0 0.7140625 0.0359375 0.0625 0.071875
0 0.77890625 0.046875 0.06484375 0.0890625
0 0.83984375 0.05859375 0.07421875 0.10546875
0 0.65859375 0.125 0.10078125 0.14453125
0 0.87109375 0.165625 0.08203125 0.1109375
0 0.80859375 0.2390625 0.1109375 0.16328125
0 0.97265625 0.29453125 0.05078125 0.1609375
0 0.36171875 0.48671875 0.12265625 0.07421875
0 0.021875 0.5203125 0.04296875 0.1421875