0 0.28515625 0.59140625 0.06484375 0.16796875
0 0.2609375 0.64921875 0.103125 0.15390625
0 0.0625 0.678125 0.125 0.1875
0 0.97734375 0.73046875 0.0359375 0.06484375
0 0.5765625 0.759375 0.0484375 0.0765625
1 0.45078125 0.796875 0.0578125 0.0625
1 0.7828125 0.7828125 0.03125 0.05546875
0 0.59375 0.8640625 0.06484375 0.084375
1 0.51796875 0.48828125 0.03359375 0.06015625
0 0.90859375 0.4703125 0.03125 0.053125
0 0.415625 0.50859375 0.0265625 0.0453125
0 0.6421875 0.54296875 0.02890625 0.053125
1 0.75703125 0.603125 0.05078125 0.0765625
0 0.9234375 0.59609375 0.03125 0.06484375
0 0.4 0.62890625 0.03125 0.053125
1 0.48828125 0.62734375 0.040625 0.0625