0 0.071875 0.0796875 0.1390625 0.15859375
0 0.0140625 0.04921875 0.028125 0.0984375
1 0.8609375 0.08671875 0.15859375 0.1734375
0 0.29453125 0.67578125 0.16796875 0.19453125
0 0.0296875 0.39140625 0.059375 0.0484375
0 0.13203125 0.40625 0.08671875 0.0765625
0 0.21484375 0.4203125 0.13671875 0.10546875
0 0.15 0.4828125 0.115625 0.1421875
0 0.43359375 0.3953125 0.1078125 0.05546875
0 0.0796875 0.571875 0.13203125 0.14921875
0 0.384375 0.45546875 0.15390625 0.17578125
0 0.5328125 0.4484375 0.0453125 0.1609375