1 0.26328125 0.1515625 0.24765625 0.303125
0 0.59609375 0.0265625 0.10546875 0.053125
0 0.54921875 0.0109375 0.05078125 0.021875
0 0.7296875 0.0625 0.0984375 0.125
0 0.6453125 0.0375 0.05546875 0.07421875
0 0.66796875 0.05859375 0.04296875 0.06484375
0 0.7984375 0.11796875 0.05078125 0.071875
0 0.86171875 0.14453125 0.0453125 0.06953125
0 0.76328125 0.1109375 0.0453125 0.071875
0 0.890625 0.1703125 0.103125 0.1390625
0 0.97578125 0.20703125 0.0359375 0.08203125
0 0.95078125 0.19921875 0.040625 0.06484375