0 0.6703125 0.14765625 0.1703125 0.196875
0 0.15 0.80546875 0.0625 0.09140625
0 0.01953125 0.86328125 0.03828125 0.08671875
1 0.36875 0.83671875 0.053125 0.06484375
0 0.18125 0.65859375 0.09140625 0.13203125
0 0.77890625 0.88671875 0.0625 0.084375
1 0.6671875 0.95078125 0.06953125 0.07421875
1 0.9796875 0.86328125 0.0359375 0.0625
0 0.82421875 0.9671875 0.08203125 0.06015625
1 0.64453125 0.63828125 0.0453125 0.0625
0 0.55078125 0.68046875 0.03359375 0.0484375
0 0.77890625 0.66328125 0.03828125 0.05546875
1 0.9078125 0.696875 0.06484375 0.084375
0 0.56953125 0.79921875 0.040625 0.05546875
1 0.6546875 0.77890625 0.053125 0.0671875