0 0.3109375 0.0734375 0.05078125 0.146875
0 0.24765625 0.06640625 0.0796875 0.1203125
0 0.1578125 0.0625 0.0890625 0.125
0 0.0984375 0.06953125 0.06484375 0.11328125
0 0.0359375 0.1109375 0.071875 0.1296875
1 0.9484375 0.053125 0.0984375 0.10546875
1 0.57421875 0.13359375 0.09609375 0.1109375
0 0.1 0.44140625 0.19921875 0.2046875
0 0.94609375 0.6765625 0.09140625 0.13203125
0 0.75390625 0.69609375 0.040625 0.0625
0 0.9109375 0.69609375 0.0484375 0.0765625
0 0.56015625 0.7296875 0.06484375 0.08671875
0 0.4625 0.75 0.03828125 0.0578125
0 0.51796875 0.75234375 0.0484375 0.071875
0 0.80078125 0.66015625 0.05546875 0.10546875
0 0.66484375 0.67421875 0.08203125 0.134375