0 0.5171875 0.41328125 0.01953125 0.0671875
0 0.13203125 0.44921875 0.053125 0.03359375
1 0.33671875 0.459375 0.03359375 0.0140625
0 0.45625 0.01171875 0.028125 0.0234375
1 0.0453125 0.2078125 0.03359375 0.06015625
0 0.4328125 0.16015625 0.03359375 0.05546875
0 0.17421875 0.25390625 0.03125 0.053125
1 0.29453125 0.30546875 0.053125 0.0796875
0 0.46015625 0.28515625 0.03359375 0.06484375
1 0.02890625 0.3484375 0.04296875 0.0625
0 0.72109375 0.05078125 0.27890625 0.10078125
0 0.4734375 0.55625 0.10546875 0.17578125
0 0.91484375 0.66015625 0.165625 0.38203125