0 0.1765625 0.0515625 0.11796875 0.103125
0 0.134375 0.0359375 0.0671875 0.071875
0 0.36640625 0.01328125 0.05546875 0.0265625
0 0.08203125 0.05859375 0.06953125 0.084375
0 0.62265625 0.303125 0.3265625 0.54296875
0 0.7953125 0.27734375 0.2453125 0.33203125
0 0.19453125 0.65625 0.1390625 0.15390625
1 0.32109375 0.6078125 0.084375 0.0578125
0 0.70703125 0.87890625 0.06015625 0.10078125
0 0.8296875 0.90390625 0.0484375 0.06953125
0 0.88671875 0.915625 0.0359375 0.071875
0 0.4734375 0.77265625 0.02890625 0.11796875