0 0.10078125 0.1109375 0.2015625 0.22109375
0 0.8375 0.37265625 0.17578125 0.1296875
0 0.57578125 0.12265625 0.06953125 0.08671875
0 0.80859375 0.03359375 0.084375 0.0671875
0 0.46171875 0.234375 0.02421875 0.13671875
0 0.87578125 0.0296875 0.0890625 0.059375
0 0.9390625 0.0296875 0.103125 0.059375
0 0.68359375 0.1359375 0.08671875 0.10546875
0 0.765625 0.13359375 0.1390625 0.1609375
0 0.69921875 0.225 0.11796875 0.14921875
0 0.5453125 0.09375 0.0625 0.0671875
0 0.9640625 0.0875 0.0671875 0.12734375
0 0.49140625 0.3484375 0.084375 0.14453125
0 0.6265625 0.3171875 0.134375 0.15625
0 0.9265625 0.1828125 0.1421875 0.1875
0 0.59609375 0.078125 0.0796875 0.0890625
0 0.13125 0.5 0.228125 0.1203125
1 0.70078125 0.546875 0.10546875 0.10546875
1 0.9015625 0.4578125 0.0765625 0.0359375