1 0.18359375 0.196875 0.0453125 0.0796875
1 0.29921875 0.24296875 0.0453125 0.071875
1 0.084375 0.28515625 0.0578125 0.084375
1 0.35078125 0.3109375 0.0625 0.09609375
1 0.00703125 0.33046875 0.0140625 0.09375
0 0.8125 0.27734375 0.0796875 0.08671875
0 0.97578125 0.2703125 0.04296875 0.084375
0 0.70078125 0.31015625 0.040625 0.05546875
0 0.60234375 0.33984375 0.1078125 0.13203125
0 0.6265625 0.4484375 0.07421875 0.0796875
0 0.5828125 0.44375 0.03125 0.0671875
0 0.553125 0.44921875 0.009375 0.0484375
0 0.7796875 0.45703125 0.06953125 0.09609375
0 0.6921875 0.4546875 0.03359375 0.071875
0 0.72265625 0.46640625 0.02890625 0.06015625
0 0.8640625 0.4734375 0.03359375 0.0671875
0 0.93515625 0.4734375 0.02890625 0.06484375
0 0.8296875 0.4796875 0.02890625 0.0671875
0 0.96484375 0.48671875 0.06484375 0.13203125