1 0.196875 0.21171875 0.071875 0.08671875
0 0.36328125 0.15234375 0.10546875 0.165625
0 0.39765625 0.13671875 0.0359375 0.08671875
0 0.16328125 0.24375 0.084375 0.10078125
0 0.20703125 0.3125 0.1203125 0.14453125
0 0.053125 0.38671875 0.10546875 0.14453125
0 0.303125 0.28359375 0.12734375 0.146875
0 0.4484375 0.303125 0.06015625 0.1828125
0 0.75859375 0.1609375 0.11796875 0.14453125
0 0.81640625 0.0734375 0.18984375 0.146875
0 0.6140625 0.11875 0.209375 0.2375
0 0.5328125 0.1859375 0.228125 0.290625
0 0.1875 0.67421875 0.375 0.25234375
0 0.4515625 0.65859375 0.0671875 0.10078125
0 0.66015625 0.63828125 0.08203125 0.10546875