1 0.009375 0.27578125 0.01875 0.0859375
1 0.42578125 0.12734375 0.07421875 0.09609375
1 0.1109375 0.275 0.0625 0.0765625
1 0.37734375 0.196875 0.08203125 0.10546875
1 0.52421875 0.1421875 0.08671875 0.125
1 0.1828125 0.31875 0.0890625 0.10546875
1 0.875 0.1203125 0.0984375 0.115625
0 0.615625 0.19609375 0.07421875 0.09140625
0 0.95703125 0.02734375 0.0703125 0.0546875
1 0.58515625 0.271875 0.03125 0.09609375
1 0.77734375 0.15859375 0.0765625 0.09609375
1 0.671875 0.13203125 0.0671875 0.08203125
1 0.73671875 0.08203125 0.05078125 0.0625
0 0.91953125 0.05546875 0.0625 0.0796875
1 0.83046875 0.0453125 0.05546875 0.06484375
0 0.0921875 0.6234375 0.11796875 0.03125