1 0.15 0.096875 0.3 0.19375
1 0.86640625 0.21875 0.084375 0.10546875
0 0.615625 0.1421875 0.06484375 0.084375
0 0.9828125 0.17421875 0.02890625 0.07421875
1 0.53515625 0.178125 0.05078125 0.09140625
1 0.76796875 0.1984375 0.0625 0.09140625
1 0.696875 0.11796875 0.0578125 0.0765625
1 0.7796875 0.1109375 0.04296875 0.0578125
0 0.94375 0.1875 0.053125 0.07421875
1 0.87734375 0.13125 0.0484375 0.06015625
0 0.38828125 0.69140625 0.084375 0.1078125
0 0.4953125 0.759375 0.02421875 0.14453125
0 0.05078125 0.69375 0.08671875 0.11328125
0 0.2390625 0.74296875 0.11328125 0.14921875