0 0.28359375 0.5515625 0.10546875 0.103125
1 0.34375 0.60703125 0.009375 0.103125
0 0.5046875 0.5421875 0.0671875 0.084375
0 0.48828125 0.55859375 0.10546875 0.11796875
0 0.4578125 0.571875 0.05078125 0.06953125
0 0.64921875 0.540625 0.10546875 0.08203125
0 0.61640625 0.546875 0.053125 0.06953125
0 0.578125 0.56640625 0.03828125 0.0484375
0 0.7984375 0.521875 0.10078125 0.04296875
0 0.72109375 0.5296875 0.053125 0.06015625
0 0.75390625 0.52734375 0.05078125 0.05546875
0 0.8890625 0.50859375 0.0578125 0.0171875
0 0.8578125 0.5171875 0.053125 0.03359375