0 0.39453125 0.4015625 0.19921875 0.18046875
0 0.81484375 0.3109375 0.14453125 0.15859375
0 0.4109375 0.72265625 0.115625 0.13203125
0 0.290625 0.703125 0.26953125 0.2671875
0 0.1140625 0.63671875 0.1703125 0.134375
0 0.7234375 0.60546875 0.0765625 0.071875
0 0.8125 0.6546875 0.11796875 0.1390625
0 0.9515625 0.740625 0.08671875 0.1078125
0 0.6609375 0.61796875 0.125 0.09609375
0 0.75234375 0.64296875 0.09609375 0.10546875
0 0.865625 0.7125 0.1296875 0.146875
0 0.94609375 0.78984375 0.103125 0.18984375