0 0.0265625 0.18046875 0.053125 0.10078125
0 0.0296875 0.2046875 0.059375 0.134375
0 0.1546875 0.146875 0.115625 0.134375
0 0.1265625 0.1828125 0.0578125 0.071875
0 0.09140625 0.20703125 0.04296875 0.05078125
0 0.29921875 0.0921875 0.1109375 0.1296875
0 0.228125 0.14296875 0.06015625 0.0765625
0 0.2609375 0.1390625 0.05078125 0.06484375
0 0.38828125 0.08046875 0.06015625 0.071875
0 0.43515625 0.05078125 0.02421875 0.071875
0 0.3609375 0.103125 0.0578125 0.071875
0 0.6 0.18984375 0.30078125 0.35078125
0 0.4046875 0.61328125 0.0890625 0.10546875
0 0.115625 0.6078125 0.115625 0.12734375
0 0.08203125 0.64453125 0.1296875 0.14453125
0 0.5015625 0.5375 0.103125 0.15625
0 0.74609375 0.446875 0.12734375 0.03828125
0 0.6 0.540625 0.1734375 0.19453125