0 0.0671875 0.2828125 0.134375 0.2140625
0 0.03125 0.303125 0.0625 0.115625
0 0.2296875 0.23046875 0.071875 0.0890625
0 0.01328125 0.3546875 0.0265625 0.0984375
0 0.47265625 0.0765625 0.1921875 0.153125
0 0.29765625 0.12109375 0.2171875 0.2421875
0 0.08515625 0.1984375 0.115625 0.134375
0 0.6046875 0.046875 0.09375 0.09375
0 0.9546875 0.20546875 0.08671875 0.228125
1 0.1875 0.73203125 0.0796875 0.09140625
1 0.4375 0.64765625 0.06953125 0.08671875
1 0.68984375 0.61796875 0.115625 0.0578125
1 0.571875 0.63359375 0.09609375 0.0890625
1 0.3078125 0.7203125 0.09609375 0.12265625
1 0.509375 0.6578125 0.125 0.13671875
1 0.08671875 0.80546875 0.0484375 0.0625
0 0.40625 0.703125 0.12265625 0.14921875
0 0.88671875 0.80078125 0.22109375 0.39453125