0 0.15390625 0.41328125 0.040625 0.05546875
0 0.90859375 0.28984375 0.0984375 0.15859375
0 0.83046875 0.2921875 0.09609375 0.1296875
0 0.74140625 0.2953125 0.103125 0.1421875
0 0.68359375 0.3140625 0.08203125 0.1203125
0 0.62265625 0.36328125 0.0890625 0.13671875
0 0.55546875 0.3234375 0.06953125 0.0984375
0 0.4703125 0.36640625 0.084375 0.13203125
0 0.359375 0.39453125 0.08671875 0.1390625
0 0.28515625 0.3859375 0.05078125 0.12265625
0 0.1359375 0.61796875 0.11796875 0.09609375
0 0.52734375 0.821875 0.209375 0.28359375
0 0.665625 0.7703125 0.13671875 0.21875