0 0.140625 0.07421875 0.0578125 0.09140625
0 0.46015625 0.053125 0.15625 0.10546875
0 0.24140625 0.08046875 0.10546875 0.14921875
0 0.0265625 0.140625 0.053125 0.09375
0 0.19375 0.0984375 0.0890625 0.1109375
0 0.0640625 0.1390625 0.08671875 0.1203125
0 0.3421875 0.084375 0.12265625 0.16796875
0 0.9703125 0.15234375 0.05546875 0.18984375
0 0.759375 0.240625 0.04296875 0.16796875
0 0.8125 0.3015625 0.13671875 0.21640625
1 0.02890625 0.7359375 0.0578125 0.134375
1 0.16796875 0.7203125 0.08671875 0.103125