0 0.33828125 0.0609375 0.1734375 0.121875
0 0.7234375 0.38359375 0.125 0.178125
0 0.97734375 0.0203125 0.040625 0.040625
0 0.85234375 0.02890625 0.06484375 0.0578125
0 0.9125 0.0484375 0.0625 0.0890625
0 0.9640625 0.07421875 0.0671875 0.10546875
0 0.6984375 0.0453125 0.0625 0.090625
0 0.7703125 0.09140625 0.10078125 0.1421875
0 0.6765625 0.13359375 0.084375 0.134375
0 0.96484375 0.18359375 0.06484375 0.11328125
0 0.578125 0.171875 0.10078125 0.13671875
0 0.89453125 0.23828125 0.1109375 0.16328125
1 0.26796875 0.8015625 0.18984375 0.084375