0 0.759375 0.32578125 0.15390625 0.1609375
1 0.99296875 0.03515625 0.009375 0.06953125
0 0.0328125 0.43125 0.06484375 0.0453125
0 0.171875 0.428125 0.0890625 0.03828125
0 0.0890625 0.4265625 0.0484375 0.0359375
0 0.12109375 0.4265625 0.040625 0.0359375
0 0.26171875 0.421875 0.0484375 0.0265625
0 0.3296875 0.415625 0.04296875 0.0140625
0 0.228125 0.4265625 0.04296875 0.0359375
0 0.3703125 0.4375 0.09609375 0.0578125
0 0.43515625 0.415625 0.03828125 0.0140625
0 0.525 0.421875 0.06015625 0.0265625
0 0.9015625 0.43984375 0.16328125 0.0625
0 0.83671875 0.48828125 0.196875 0.15859375