0 0.303125 0.79296875 0.16796875 0.19453125
0 0.01328125 0.478125 0.0265625 0.08671875
0 0.2078125 0.40625 0.084375 0.0765625
0 0.27421875 0.4046875 0.08671875 0.07421875
0 0.33515625 0.4078125 0.103125 0.0796875
0 0.1 0.5015625 0.084375 0.10078125
0 0.18359375 0.50703125 0.13671875 0.15625
0 0.57578125 0.41328125 0.13203125 0.09140625
0 0.13125 0.59375 0.11796875 0.1421875
0 0.396875 0.4828125 0.1078125 0.1203125
0 0.071875 0.68046875 0.134375 0.1515625
0 0.36171875 0.57421875 0.1515625 0.178125
0 0.021875 0.4359375 0.04296875 0.0890625
0 0.5578125 0.57109375 0.14453125 0.1703125
1 0.775 0.61171875 0.13203125 0.1703125
1 0.97265625 0.540625 0.05078125 0.1921875