0 0.23828125 0.0578125 0.0578125 0.08203125
0 0.10703125 0.0515625 0.07421875 0.0890625
0 0.1578125 0.0921875 0.07421875 0.09140625
0 0.2046875 0.12890625 0.09140625 0.1109375
0 0.03359375 0.115625 0.0671875 0.14921875
0 0.35 0.27734375 0.04296875 0.146875
0 0.146875 0.01796875 0.0578125 0.0359375
0 0.1765625 0.2359375 0.0984375 0.115625
0 0.0828125 0.2765625 0.134375 0.16796875
0 0.3640625 0.084375 0.0265625 0.071875
0 0.22578125 0.4015625 0.1296875 0.1609375
0 0.9046875 0.10234375 0.18515625 0.2046875
0 0.2296875 0.81015625 0.2953125 0.375