1 0.3421875 0.06875 0.0453125 0.0984375
1 0.02265625 0.12109375 0.0453125 0.09375
0 0.6515625 0.40859375 0.0578125 0.10078125
0 0.7765625 0.4375 0.0453125 0.0671875
0 0.834375 0.44375 0.03828125 0.06484375
0 0.39765625 0.29453125 0.06015625 0.11796875
0 0.37734375 0.31640625 0.01953125 0.13203125
0 0.01953125 0.64296875 0.03828125 0.11796875
0 0.1609375 0.63125 0.1203125 0.209375
0 0.2828125 0.6625 0.1078125 0.18046875
1 0.8453125 0.69921875 0.05546875 0.0671875
1 0.63203125 0.725 0.0484375 0.0625
1 0.8390625 0.6234375 0.06015625 0.084375
1 0.634375 0.66328125 0.0578125 0.07421875