0 0.16484375 0.115625 0.0765625 0.1421875
0 0.11328125 0.165625 0.05546875 0.11328125
0 0.34765625 0.15625 0.0625 0.0984375
0 0.2546875 0.1828125 0.05546875 0.0984375
0 0.02265625 0.23203125 0.0453125 0.0984375
0 0.9109375 0.1140625 0.1734375 0.228125
1 0.009375 0.5421875 0.01875 0.090625
0 0.5515625 0.39921875 0.04296875 0.0625
1 0.7171875 0.39453125 0.0453125 0.071875
0 0.53359375 0.42890625 0.04296875 0.0625
0 0.9796875 0.390625 0.0359375 0.06484375
0 0.671875 0.44609375 0.08671875 0.1421875
0 0.8765625 0.4390625 0.103125 0.14921875