0 0.678125 0.328125 0.03828125 0.15625
0 0.7234375 0.1578125 0.1296875 0.25234375
0 0.6265625 0.89296875 0.06015625 0.13203125
0 0.55625 0.89453125 0.103125 0.1390625
0 0.5015625 0.9109375 0.0796875 0.1203125
0 0.44609375 0.94375 0.0890625 0.1078125
0 0.375 0.9171875 0.06953125 0.0984375
0 0.29453125 0.94375 0.0890625 0.1078125
0 0.1890625 0.95546875 0.0890625 0.084375
0 0.08984375 0.9546875 0.09375 0.08671875
1 0.67578125 0.61171875 0.03359375 0.084375
0 0.77890625 0.62265625 0.14453125 0.10546875
1 0.73046875 0.6546875 0.0765625 0.09375