1 0.05546875 0.1265625 0.1109375 0.25234375
0 0.69375 0.16796875 0.0625 0.09140625
0 0.9703125 0.115625 0.05546875 0.21171875
0 0.7921875 0.18046875 0.1078125 0.146875
0 0.5671875 0.225 0.06015625 0.09140625
0 0.74296875 0.19609375 0.0890625 0.1109375
0 0.6078125 0.22734375 0.08671875 0.1203125
0 0.896875 0.17890625 0.12265625 0.1875
0 0.48828125 0.2515625 0.071875 0.0984375
0 0.4015625 0.2765625 0.08203125 0.10078125
0 0.3765625 0.2953125 0.0359375 0.0625
0 0.0921875 0.5859375 0.184375 0.340625
1 0.49609375 0.50859375 0.24296875 0.3578125